/mnt/sdcard/Afqpress/7.29/test $ no77 music
出现的频数 非连7的个数
      1 2000
      2 32
      2 30
      5 29
      1 28
      4 27
      2 26
      1 24
      1 23
      1 22
     13 21
      7 20
     17 19
     26 18
     46 17
     77 16
    122 15
    296 14
    350 13
    649 12
   1283 11
   2309 10
   4331 9
   8537 8
  16501 7
  32378 6
  64096 5
 129981 4
 258444 3
 511661 2
1050328 1
/mnt/sdcard/Afqpress/7.29/test $ c777 music
连7的个数		占比
1033636        49.658871
514373         24.711971
260435         12.512053
132589         6.369960
68563          3.293965
34711          1.667617
17656          0.848245
9330           0.448240
4762           0.228780
2458           0.118089
1351           0.064906
671            0.032237
357            0.017151
209            0.010041
108            0.005189
72             0.003459
58             0.002786
40             0.001922
31             0.001489
26             0.001249
15             0.000721
11             0.000528
5              0.000240
2              0.000096
1              0.000048
连7出现总次数：2081473
/mnt/sdcard/Afqpress/7.29/test $

由此可见，单个7的个数与单个非7的个数差不多，也就是单个7已经吞噬大部分的非7，而小于四个非7的情况是导致文件放大的原因！