11 1
11 01
11 001
11 0001
11 00001
11 000001
11 0000001
11 00000000

10 1
10 01
10 001
10 0001
10 00001
10 000001
10 0000001
10 0000000

01 1
01 01
01 001
01 0001
01 00001
01 000001
01 0000001
01 0000000

001 1
001 01
001 001
001 0001
001 00001
001 000001
001 0000001
001 0000000

0001 1
0001 01
0001 001
0001 0001
0001 00001
0001 000001
0001 0000001
0001 0000000

00001 1
00001 01
00001 001
00001 0001
00001 00001
00001 000001
00001 0000001
00001 0000000

000001 1
000001 01
000001 001
000001 0001
000001 00001
000001 000001
000001 0000001
000001 0000000

000000 1
000000 01
000000 001
000000 0001
000000 00001
000000 000001
000000 0000001
000000 0000000